1.0 0.00179351662518145 0.00037103621388269757 0.07768727982279466 0.0018084835891752616 0.9997402147716562 0.0008138526842162721 -0.0011937730104768496 0.036933902624509345 -0.0035881517900870994 0.2322248223430577 0.002826267373261636 0.08131542872442392 -0.007137760457910882 0.002166969250609735 0.011526513839417645 0.0018084835891752616 0.002150894641352093 -0.010542241715138127 0.00020701934903078086 0.025689085290995037 -0.019051642844575414 0.27184103577859753 0.002150894641352093 0.0009227233475400235 0.010429307592161523 0.016338630694353984 0.0017483128646741098 0.015049985954521327 0.006535093910677459 0.012017775589085873 -0.012347905924254625 0.0012884855213202515 -0.004172466717532799 0.029385957740501793 0.07246639833642739 0.06221044204163466 -0.00426778244707725 0.017425466444388513 0.008480317842702359 0.006111114459665445 -0.017282042305873335 0.006858318852546909 0.0014717502130261353 0.042026625179831516 -0.0003169820252224313 0.006610158365717262 0.002095238088604459 0.0013699167122075404 -0.9997277732128422 0.0039783689694064175 0.00797437163759408 -0.010304309691934634 0.00488824451097499 -0.9997218174966218 0.009163262462888724
0.00179351662518145 1.0 -0.024212261667907686 -0.17942330300076223 -0.042799176556478316 0.0006197145358604321 -0.01826437045040077 0.012496822821827803 0.02375782005010692 -0.09709573250092528 -0.13766459118774768 -0.0168144327745399 0.05799801765346519 -0.1381007379873997 -0.017779824300555754 0.01487009609461281 -0.042799176556478316 -0.030202228385958242 0.08711981750894453 -4.055938073246946e-05 0.04688741496991352 -0.03927545673616994 -0.1398874176605824 -0.030202228385958242 -0.04401423422125853 0.1482850032566687 0.025599744773796246 -0.03721268299976081 0.054276769322447876 0.06248323239373257 0.07531494615877231 -0.17930666866121323 0.004410345126618914 0.02283796419577402 0.034418343284926836 0.0031666071160384502 0.06841443351242579 -0.03874009368720133 0.026361760556591143 0.10512849173702979 0.05183586473610769 -0.1336202637129625 0.1265791350564299 0.019436952155482974 0.03507011108581941 0.005274765367051748 0.04680782462788728 -0.03319659475964124 0.006625801412175247 -0.0005639250237941518 0.05479548325342431 0.03566392179967262 0.07737616575875857 0.03657604352999555 -0.0005554659061288466 0.03983137559160221
0.00037103621388269757 -0.024212261667907686 1.0 0.05707115951835215 -0.03918377871332629 -0.001076879725960846 0.9204677046285389 0.012023732123228513 -0.02061564024816997 0.02337903781191424 0.14937000056903219 -0.035838890019767436 0.0743628833541221 0.08867150494237645 -0.03426875123276848 0.06238822113796296 -0.03918377871332629 -0.03291355525679505 -0.3211052140820088 -7.993575717830753e-05 0.10414327702254082 -0.13778950654971087 0.07748640928386474 -0.03291355525679505 -0.010661678685107895 -0.01398615900509273 0.10988151521542865 -0.04369448220908529 0.09005225994373614 -0.034715342428062096 0.001902394943856164 0.11554391681990507 0.018239077678454958 0.0011955213645910663 -0.0342503267743999 0.146195529693297 0.06925153364416552 0.18557423115298205 0.15358883766710557 -0.09235994272367955 -0.016467630978106572 0.1125908358764442 0.03352427308840872 -0.02055212577682286 0.21821790098305235 0.053044039718081706 -0.07344478156371446 -0.03522734773849242 0.021655608086314414 0.0011016090944956833 -0.011333327063442297 -0.06142504703321418 -0.3246746904570427 -0.0015407152724941492 0.0010931236407870032 0.07060341913690506
0.07768727982279466 -0.17942330300076223 0.05707115951835215 1.0 -0.21385815182540527 0.0781569955761532 0.04179778094056325 0.4025262251569807 0.1948957175850431 0.10189400937923439 0.7557583619801572 -0.06607986173980908 -0.5856649619742161 0.8229724606144955 -0.30212829449973694 0.06069265166457139 -0.21385815182540527 -0.2828416276381139 -0.06462828372188321 0.0005480352874106879 -0.13071311384371775 0.2663561182677201 0.8177522844347864 -0.2828416276381139 -0.1854074963309021 -0.8271243033995506 -0.22785504625774397 -0.19002476826580497 -0.32513990718769026 -0.4246126139627641 0.09364689440391546 0.8661394341356315 -0.029907225515851413 0.0917209374687791 -0.05087436554200536 0.04080516576145258 -0.2692210491768686 -0.002777805878792424 -0.0008558498717000423 -0.6583904099328485 -0.3438142388079942 0.7033744344625301 -0.7268862174922313 -0.2444171631660617 -0.20955319328146763 -0.24275832811746903 -0.5434534963438676 -0.2728323736329656 -0.04169115616799123 -0.07818640950079528 -0.317744058810763 -0.3538977748112527 -0.03601196616679306 -0.2414468373658916 -0.07772777310486176 -0.260997412458844
0.0018084835891752616 -0.042799176556478316 -0.03918377871332629 -0.21385815182540527 1.0 -7.212825119005833e-05 -0.02688520374789912 -0.17031544622552872 -0.01950144998918258 0.6292395823511399 -0.3272155785324452 0.5109962161459879 0.19488396025353805 -0.2733130538564977 0.8596747831562542 -0.003107777555483091 1.0000000000000002 0.8871125678375015 -0.030620808092059595 0.0034303106188096674 -0.25051935074667014 -0.07532177408331231 -0.19501173752786632 0.8871125678375015 0.6617436550319337 0.207322124828666 0.0886216870824311 0.927589850826597 0.11997279265162057 0.1706157475244354 -0.03590728374394924 -0.15185714684936247 0.012887871557626466 -0.5275916405924389 0.16283581817444404 -0.06289588966767072 0.31017621708984244 0.0967716371416676 -0.012732628807226844 0.26612167414326204 0.13146783846772542 -0.27981589362208614 0.22301012867082154 0.539441001221872 0.005792594344219471 0.3729312389137822 0.4301539366512626 0.938763900072585 0.012555049548440288 0.0002688533547471983 0.05126109998877495 0.12365796537723235 0.007353980005718791 -0.12741924318750247 -0.00031191935132724596 0.06791975638002871
0.9997402147716562 0.0006197145358604321 -0.001076879725960846 0.0781569955761532 -7.212825119005833e-05 1.0 -0.0006320403351842823 -0.000768060821268123 0.03299654804947082 -0.006132261597471688 0.23006316583566613 -9.617444104479752e-05 0.08015461877924215 -0.01199401988944067 -7.073151048105533e-05 0.009373362976555194 -7.212825119005833e-05 -5.312730942857252e-05 -0.005943657111908341 0.00016931175532782956 0.020010272648573763 -0.019393854703158023 0.26678104140399433 -5.312730942857252e-05 7.606578266484168e-06 0.0096635048762748 0.013469996162068763 -6.030901059894814e-05 0.012230186233054262 0.00819434245191173 -0.001954836397064764 -0.013815239952350362 0.0008777752969393736 -0.0009277535060887454 0.02535186752902524 0.06955703416656073 0.051035137643139966 -0.004444384836201728 0.015352495962083778 0.010281793306058225 0.007334779080898299 -0.015903270569190858 0.005224862849429333 -0.00012905961282639163 0.03936079226191469 -0.0005449197200594059 0.00812084125932731 -6.136180703715348e-05 0.0013080168741756591 -0.9999989453052701 0.0029334392039667744 0.0053106648237479 -0.006163341902464307 0.006756081383995155 -0.9999983431726533 0.008277002816543274
0.0008138526842162721 -0.01826437045040077 0.9204677046285389 0.04179778094056325 -0.02688520374789912 -0.0006320403351842823 1.0 0.01483288835386481 -0.021120048684203818 0.029659148521043368 0.13299220724869174 -0.02971658390947088 0.09496714924770072 0.07490806022447859 -0.021178854778672228 0.07059270666452631 -0.02688520374789912 -0.019807663836249236 -0.28988565425958884 -5.4494606264174534e-05 0.09839109180303231 -0.13118791602099805 0.06621137659966872 -0.019807663836249236 -0.002111885418945187 -0.010879614352532471 0.12825156288098205 -0.03229236779201302 0.09712413788236553 -0.029815657497164506 0.0012640673734423179 0.10460959791786642 0.017080510073518455 -0.0017834652057573566 -0.029962167327825032 0.14638851841233416 0.07388507944191164 0.16918742964015998 0.15294044339133525 -0.0825910118147619 -0.013417466224455906 0.11447891924800652 0.03629566480215943 -0.01075845978407373 0.21721196083219188 0.06025555479836205 -0.06199138518577681 -0.02208605564263065 0.019677814544806355 0.000663248737526259 -0.0064941068634954404 -0.042074621648084745 -0.29313208224929993 -0.0009426849331232025 0.0006547848219435044 0.062330250342353954
-0.0011937730104768496 0.012496822821827803 0.012023732123228513 0.4025262251569807 -0.17031544622552872 -0.000768060821268123 0.01483288835386481 1.0 0.17607749345617796 -0.03366737039999732 0.4865412402034879 -0.1661476793384504 -0.0974521588984808 0.466974954321116 -0.21877371152045422 0.11268150857642222 -0.17031544622552872 -0.21914498182904887 -0.08852147448687989 3.0335418122432157e-06 -0.04846445841387733 0.08799332897558809 0.4759503785352156 -0.21914498182904887 -0.1499915136971596 -0.37177895372474856 -0.27904957187377855 -0.15322635228513598 -0.30912520245579234 -0.12371120525804438 0.09255666864094947 0.40665353111440017 -0.008513675290161423 0.164781337186242 0.02191051423763217 0.045455113894462586 -0.12125654071398245 0.08895430912208001 0.0033536363060315067 -0.21274254950458207 -0.10355189010557947 0.6447136096283275 -0.40338757763860056 -0.135837146822445 -0.12250333995687306 -0.11650512243033555 -0.21678226898602307 -0.21188920835543915 -0.012910318916216473 0.0007745738541544733 -0.12287080853485338 -0.21521584520057568 -0.09053281242466114 -0.07439697323334797 0.00114545701382459 -0.07777458676811833
0.036933902624509345 0.02375782005010692 -0.02061564024816997 0.1948957175850431 -0.01950144998918258 0.03299654804947082 -0.021120048684203818 0.17607749345617796 1.0 0.061533291003154675 0.13719276335181682 0.012550213990696833 -0.164451656801133 0.3407173479895009 -0.03251336259719919 0.017906127164516932 -0.01950144998918258 -0.027335055115827945 0.00825518126090018 0.004134618502686284 -0.06414070078583267 0.14680165742714943 0.3668900109664707 -0.027335055115827945 -0.015155876449742554 -0.12533991628092386 -0.09417813212796024 -0.01544719452018159 -0.10398138439022886 -0.0927524800920906 0.4156722146593601 0.18054907758223576 -0.0095893032374816 -0.0008196984443623534 0.6865445842564569 -0.04363526906618208 0.19178586360693792 -0.028505654848274855 -0.07540765503963026 -0.11755087357607777 -0.07010864146168111 0.09960680383954477 -0.0969670453858539 -0.036234703280629325 -0.2102687501120113 -0.11073947726613302 -0.0828547269732443 -0.026284522764012788 -0.014548281784531833 -0.0322318601778887 -0.02490404560174788 -0.026223430447440788 0.020321546855642077 -0.020487830384472046 -0.03235251524918631 -0.07114372571427183
-0.0035881517900870994 -0.09709573250092528 0.02337903781191424 0.10189400937923439 0.6292395823511399 -0.006132261597471688 0.029659148521043368 -0.03366737039999732 0.061533291003154675 1.0 0.012416919849868173 0.3136201504234832 0.05659248107442701 0.09697816859928439 0.6886601282205103 0.05641437245551577 0.6292395823511399 0.671149116249632 -0.09487810513218113 0.005512823584872363 -0.2515909174994385 0.020771522986584898 0.14386604171351322 0.671149116249632 0.4135276492823022 0.0012856367057843304 0.009036534238390357 0.5501518882888339 0.03522860891874223 -0.1304469627128715 0.053023346545162185 0.18319061825498872 0.0001352995948593197 -0.32374289904994297 0.11336029420057388 -0.012368882650267067 0.27589458143787415 0.08154265303043123 0.059898091137604456 -0.1395255217692599 -0.10600945438127711 0.018819025163994776 0.1106262776896087 0.6017860365234576 -0.007189081109275796 0.27205106078886276 0.07225017464822155 0.6747522701196462 -0.006439936529619476 0.006386915652976074 -0.008531392978833086 0.06355277510239199 -0.0666194170060383 -0.09639961776998768 0.00610318946766145 -0.05600284482847596
0.2322248223430577 -0.13766459118774768 0.14937000056903219 0.7557583619801572 -0.3272155785324452 0.23006316583566613 0.13299220724869174 0.4865412402034879 0.13719276335181682 0.012416919849868173 1.0 -0.30987045135116 -0.22549661178840502 0.830884341829393 -0.4115395932335262 0.13076600301815447 -0.3272155785324452 -0.4108018069758719 -0.19073976129654258 0.00010734256372601174 0.05573920444890609 0.07361527944676824 0.8465301619428512 -0.4108018069758719 -0.2879084844296033 -0.653818427563781 -0.20400553101127358 -0.30280302781601853 -0.27043928337195 -0.4363417782889204 0.18115574621395417 0.8015366724406293 -0.009571504059478987 0.309388393144263 -0.09421340810481474 0.3032679911707703 -0.13468205365785693 0.0425116809927903 0.15798091630192485 -0.5959494021793265 -0.3410423515548829 0.8030885844325955 -0.5626756260513834 -0.2609672579878383 0.17735372565530103 -0.1557607450331304 -0.5843377767101787 -0.3988411757512516 -0.009433336875059168 -0.23003498854306706 -0.20769860929277842 -0.29968548286532914 -0.19899556095581594 -0.2299332116528442 -0.22952031470376336 -0.11792743662769715
0.002826267373261636 -0.0168144327745399 -0.035838890019767436 -0.06607986173980908 0.5109962161459879 -9.617444104479752e-05 -0.02971658390947088 -0.1661476793384504 0.012550213990696833 0.3136201504234832 -0.30987045135116 1.0 0.16497105388963448 -0.19420310507270283 0.5827258159555818 0.046496309826705745 0.5109962161459879 0.6129346366057832 -0.0776161805711649 0.002904915274934523 -0.2413882121963142 -0.05821698334102186 -0.14826898255100895 0.6129346366057832 0.4024369788392334 0.09674797743029054 0.016172070302211232 0.5129187306030308 0.02638034019655714 0.10310774493020997 0.039819336717817955 0.027407824066026265 0.0012972108523847654 -0.9911833331110386 0.15154605074880095 -0.0007461209588245876 0.16893113501295948 0.07999372398678847 0.007830095127482319 0.18255219449247811 0.11983856148301818 -0.3217610597866094 0.12261978860769271 0.2788122261384546 0.0005499619706928674 0.2696120844408441 0.3111742370750354 0.5988385795129857 0.004155541785715774 0.0002836518325626413 0.007038302599828412 0.11679422002615143 0.019179698331308212 -0.08070464032773483 -0.00020978451816313322 0.08076704051443544
0.08131542872442392 0.05799801765346519 0.0743628833541221 -0.5856649619742161 0.19488396025353805 0.08015461877924215 0.09496714924770072 -0.0974521588984808 -0.164451656801133 0.05659248107442701 -0.22549661178840502 0.16497105388963448 1.0 -0.41655462537699867 0.2566850597287059 0.16470823439885102 0.19488396025353805 0.2468496893455788 -0.1805452333863455 1.2799387532422077e-06 0.11353981816119897 -0.33763468378390366 -0.3743643963013845 0.2468496893455788 0.16038018137818885 0.5040267210025933 0.050319575167763836 0.18346298948376252 0.1255295867879191 0.20687154764098623 -0.06928339058757098 -0.2961370824623139 0.02017574611703041 -0.20217075868842033 -0.006992209071926167 0.14941302246451574 0.2216316214961419 0.14007291517692907 0.2906642060001176 0.3533692832051779 0.17806665170822217 -0.09418654714788699 0.4549299267574485 0.19079038453773142 0.44953824627241457 0.2979472342645584 0.3183204457473081 0.2398830574710476 0.03302699207078058 -0.0801542632189224 0.2053518412528232 0.23155997125576158 -0.1860328423277092 0.12211329481869763 -0.08048401106735333 0.18243137184543085
-0.007137760457910882 -0.1381007379873997 0.08867150494237645 0.8229724606144955 -0.2733130538564977 -0.01199401988944067 0.07490806022447859 0.466974954321116 0.3407173479895009 0.09697816859928439 0.830884341829393 -0.19420310507270283 -0.41655462537699867 1.0 -0.35957637953354527 0.11138265633903661 -0.27331305385650106 -0.35103841878234743 -0.14500203605603237 0.0019184975367341332 -0.04080719041545799 0.2821700197494506 0.9507275955193081 -0.35103841878234743 -0.25583304778646526 -0.7190433691296407 -0.1861770355116793 -0.2481424586106636 -0.25793816049916674 -0.5572000130098631 0.3760764363544428 0.884137886737204 -0.02005979606380253 0.20863949918800123 0.08645356337576707 0.117938827391792 -0.08282311039245628 -0.016401002675843147 0.052710905033533526 -0.729738670474936 -0.4362083395805472 0.7086101120099197 -0.5865087513043037 -0.24960725126170494 -0.11757269708792181 -0.2405918540880596 -0.6704113064064439 -0.3401713200603723 -0.027421678231598922 0.012371894966777116 -0.23267431726611706 -0.2726226049952576 -0.13216719837013244 -0.29833539057164504 0.012865428547384518 -0.21306569034792025
0.002166969250609735 -0.017779824300555754 -0.03426875123276848 -0.30212829449973694 0.8596747831562542 -7.073151048105533e-05 -0.021178854778672228 -0.21877371152045422 -0.03251336259719919 0.6886601282205103 -0.4115395932335262 0.5827258159555818 0.2566850597287059 -0.35957637953354527 1.0 -0.003911697396934522 0.8596747831562541 0.9779087722910152 -0.03725049277568181 0.004514000113066795 -0.2708041105343231 -0.11286910437210018 -0.27319731139299797 0.9779087722910152 0.5941656110596131 0.2974873839068655 0.10340231003584376 0.7893613870195367 0.14864765270166042 0.26290906398202124 -0.03828785179427741 -0.22808338241613937 0.014265940904443978 -0.6037822045734823 0.16316626699219677 -0.05859440480307287 0.4088864077491358 0.103528738845851 -0.00610452354784706 0.36126972566110604 0.21696936100009562 -0.35934494046530857 0.3069050766022986 0.7661412425630425 0.034556482819437455 0.44999711245751667 0.4704818433167668 0.9675278235899943 0.01680704014553431 0.0002758923167597876 0.08749335535132949 0.1601018369641138 0.00038445622664194835 -0.14046063621383728 -0.0003781859466729529 0.1102954920321862
0.011526513839417645 0.01487009609461281 0.06238822113796296 0.06069265166457139 -0.003107777555483091 0.009373362976555194 0.07059270666452631 0.11268150857642222 0.017906127164516932 0.05641437245551577 0.13076600301815447 0.046496309826705745 0.16470823439885102 0.11138265633903661 -0.003911697396934522 1.0 -0.003107777555483091 -0.005054964763570219 -0.12048350665163834 0.0008148114617012376 0.0352511669769644 -0.28108369985903514 0.11543591333934024 -0.005054964763570219 -0.013854687104938876 -0.023666767797230627 -0.04767792303495568 0.0009067959025136682 -0.05211209635573293 -0.04693950562192036 0.09393056192833114 0.1285237421155216 -0.0024926981584401527 -0.054679957464556006 0.00867412108490586 0.08970653905632388 0.06583180399509533 0.06294039558816401 0.590160812653349 -0.07035768376765228 -0.03809872550247462 0.2026072335173458 -0.026826469895118363 0.002660750361073554 0.3727217276587717 0.06981510115760983 -0.053591314898840954 -0.004667050569073363 -0.003500949556703252 -0.009297531631443928 -0.009349801741321554 0.018950144327328073 -0.11105042383158983 -0.028148214672413192 -0.009123355789866743 0.003115300490482989
0.0018084835891752616 -0.042799176556478316 -0.03918377871332629 -0.21385815182540527 1.0000000000000002 -7.212825119005833e-05 -0.02688520374789912 -0.17031544622552872 -0.01950144998918258 0.6292395823511399 -0.3272155785324452 0.5109962161459879 0.19488396025353805 -0.27331305385650106 0.8596747831562541 -0.003107777555483091 1.0 0.8871125678375015 -0.030620808092059595 0.0034303106188096674 -0.25051935074667014 -0.07532177408331231 -0.19501173752786632 0.8871125678375015 0.6617436550319337 0.207322124828666 0.0886216870824311 0.927589850826597 0.11997279265162057 0.1706157475244354 -0.03590728374394924 -0.15185714684936247 0.012887871557626466 -0.5275916405924389 0.16283581817444404 -0.06289588966767072 0.31017621708984244 0.0967716371416676 -0.012732628807226844 0.26612167414326204 0.13146783846772542 -0.27981589362208614 0.22301012867082154 0.539441001221872 0.005792594344219471 0.3729312389137822 0.4301539366512626 0.938763900072585 0.012555049548440288 0.0002688533547471983 0.05126109998877495 0.12365796537723235 0.007353980005718791 -0.12741924318750247 -0.00031191935132724596 0.06791975638002871
0.002150894641352093 -0.030202228385958242 -0.03291355525679505 -0.2828416276381139 0.8871125678375015 -5.312730942857252e-05 -0.019807663836249236 -0.21914498182904887 -0.027335055115827945 0.671149116249632 -0.4108018069758719 0.6129346366057832 0.2468496893455788 -0.35103841878234743 0.9779087722910152 -0.005054964763570219 0.8871125678375015 1.0 -0.04260671857639404 0.003988904159681258 -0.2749509026739359 -0.10694794041759906 -0.262351278242117 1.0 0.725484764343214 0.27980990239441733 0.1015075737806988 0.8166705837675357 0.14244999117046017 0.25744186376400385 -0.039892754209732775 -0.21103459656770376 0.01413205230176476 -0.6332030752308495 0.1840468829317192 -0.0668734471255809 0.3720992201877167 0.10862084048722166 -0.012117799390542557 0.34739813866295954 0.21596892552072589 -0.35971487422450776 0.2943718066939674 0.6343603644629133 0.02131037699389645 0.43481352306859844 0.5065266286484023 0.9908024841181045 0.0165543264257083 0.00027156252908684187 0.07632211846562544 0.15929051302870448 0.0008513232921043023 -0.14363368055771428 -0.00040911898669843626 0.10337441079721861
-0.010542241715138127 0.08711981750894453 -0.3211052140820088 -0.06462828372188321 -0.030620808092059595 -0.005943657111908341 -0.28988565425958884 -0.08852147448687989 0.00825518126090018 -0.09487810513218113 -0.19073976129654258 -0.0776161805711649 -0.1805452333863455 -0.14500203605603237 -0.03725049277568181 -0.12048350665163834 -0.030620808092059595 -0.04260671857639404 1.0 0.00034135934636514106 -0.21717990600073736 0.18141746982368975 -0.14530436385912707 -0.04260671857639404 -0.033065224644853244 -0.08174917674707206 0.06787319242443948 -0.04605816966255578 0.09613351357164672 0.05345475761017536 -0.13628984283640075 -0.18509857173522593 -0.001032820350671388 0.19164386207334388 -0.021939103013672318 -0.11404548481347698 -0.2098984104890634 -0.17194911566761317 -0.19184686077367 0.08947341261627825 0.03312995182747181 -0.14265960076805423 -0.09551884503870811 0.0041066067307045425 -0.2220186664326949 -0.05990239831159437 0.022183138742916126 -0.0400095783430646 -0.01420034919297473 0.0058825211078020806 -0.054427999043385245 -0.15050353796274463 0.9892896236675262 -0.03693833626199199 0.005932165807357718 -0.12199769366332001
0.00020701934903078086 -4.055938073246946e-05 -7.993575717830753e-05 0.0005480352874106879 0.0034303106188096674 0.00016931175532782956 -5.4494606264174534e-05 3.0335418122432157e-06 0.004134618502686284 0.005512823584872363 0.00010734256372601174 0.002904915274934523 1.2799387532422077e-06 0.0019184975367341332 0.004514000113066795 0.0008148114617012376 0.0034303106188096674 0.003988904159681258 0.00034135934636514106 1.0 -0.004712372528148541 -2.356604284275045e-05 0.0025347195664513432 0.003988904159681258 0.0010078116923955304 -0.000175855807502061 -0.0005050691772109108 0.0029019845559859867 -0.0003381713062820834 -0.0002925107222640918 0.0029767210767523244 0.0009269438293168604 -1.1623009416353016e-05 -0.002774130712590833 0.004330269905579655 -0.00018208937836981982 0.0019110051369034288 0.00013734936572595667 0.00015359681094705437 -0.0003228135130086048 -0.0002371749454572633 -0.0004399834326646586 0.00020123516768810181 0.005529964394397296 -0.0005100759740681181 0.0008014503007484663 0.0006783910885824427 0.00393964127642627 -6.833644488705514e-06 -0.00016185141853709023 -0.00041463797655179357 -4.35469328566926e-05 0.000690260548003367 -0.0005563801027345639 -0.0001649567089831619 -0.00028870937417903823
0.025689085290995037 0.04688741496991352 0.10414327702254082 -0.13071311384371775 -0.25051935074667014 0.020010272648573763 0.09839109180303231 -0.04846445841387733 -0.06414070078583267 -0.2515909174994385 0.05573920444890609 -0.2413882121963142 0.11353981816119897 -0.04080719041545799 -0.2708041105343231 0.0352511669769644 -0.25051935074667014 -0.2749509026739359 -0.21717990600073736 -0.004712372528148541 1.0 -0.13228937727999882 -0.06827221521409808 -0.2749509026739359 -0.16774479888764315 0.12642170674362163 0.10829480604443248 -0.23888060382228737 0.11541449612554945 -0.008724956851858425 0.21567275509118736 -0.08655521463251221 0.016705620257586835 0.21224050940426584 -0.059687866859525006 0.09088130415492396 0.5434107577203989 0.11836083677891346 0.17587489160558278 -0.006679679426849583 -0.011344811502139902 0.00423965508948944 0.11960613197427397 -0.19129804795675268 0.23214348722438108 -0.06754614815563484 -0.08028093277514678 -0.2740204384503107 0.011537666827094598 -0.020014758980024666 0.10405874710577152 0.18422145952646288 -0.24781970258466596 0.055726291621819 -0.019671139393677154 0.09874564636320743
-0.019051642844575414 -0.03927545673616994 -0.13778950654971087 0.2663561182677201 -0.07532177408331231 -0.019393854703158023 -0.13118791602099805 0.08799332897558809 0.14680165742714943 0.020771522986584898 0.07361527944676824 -0.05821698334102186 -0.33763468378390366 0.2821700197494506 -0.11286910437210018 -0.28108369985903514 -0.07532177408331231 -0.10694794041759906 0.18141746982368975 -2.356604284275045e-05 -0.13228937727999882 1.0 0.265067308313109 -0.10694794041759906 -0.07970471453814702 -0.25563662195870457 -0.02321484648683276 -0.07328231756406423 -0.04242870523443096 -0.26223286783451355 0.10392715459315405 0.20036286299271033 -0.04691816968956256 0.09083195512021948 0.0358618711494411 -0.11524278237483271 -0.1414724681581894 -0.10319415375383387 -0.3668440566693498 -0.31138510564285865 -0.22943878668716114 0.05779324264930262 -0.19664347856172518 -0.09157549069425658 -0.5076039285826677 -0.20354300092202904 -0.27608389559897983 -0.10188296899268988 -0.05452205942949249 0.019453880029563032 -0.07691492224599311 -0.061973715989416624 0.19064759539389872 -0.13517152830882978 0.01966048510659441 -0.4568402644372366
0.27184103577859753 -0.1398874176605824 0.07748640928386474 0.8177522844347864 -0.19501173752786632 0.26678104140399433 0.06621137659966872 0.4759503785352156 0.3668900109664707 0.14386604171351322 0.8465301619428512 -0.14826898255100895 -0.3743643963013845 0.9507275955193081 -0.27319731139299797 0.11543591333934024 -0.19501173752786632 -0.262351278242117 -0.14530436385912707 0.0025347195664513432 -0.06827221521409808 0.265067308313109 1.0 -0.262351278242117 -0.1885999364026009 -0.6878463134473064 -0.18732607274935106 -0.17495788712359084 -0.2590799412538942 -0.4890000413664403 0.3878314978270692 0.8281444318854504 -0.01940371196165988 0.16052645287921655 0.13114668402637475 0.11628455816721414 -0.03177025638431842 -0.009039726376342073 0.04616941112611503 -0.6655801954034887 -0.3857640040662598 0.6800880281558634 -0.5726992416594939 -0.1948172945593056 -0.12456606497694105 -0.22083186378650047 -0.5855927349184846 -0.2524654445197825 -0.02711156331776542 -0.2663512723255494 -0.22910743400834951 -0.26051650436345597 -0.12727821223254607 -0.28088530632700504 -0.26591835499889394 -0.20410504035059873
0.002150894641352093 -0.030202228385958242 -0.03291355525679505 -0.2828416276381139 0.8871125678375015 -5.312730942857252e-05 -0.019807663836249236 -0.21914498182904887 -0.027335055115827945 0.671149116249632 -0.4108018069758719 0.6129346366057832 0.2468496893455788 -0.35103841878234743 0.9779087722910152 -0.005054964763570219 0.8871125678375015 1.0 -0.04260671857639404 0.003988904159681258 -0.2749509026739359 -0.10694794041759906 -0.262351278242117 1.0 0.725484764343214 0.27980990239441733 0.1015075737806988 0.8166705837675357 0.14244999117046017 0.25744186376400385 -0.039892754209732775 -0.21103459656770376 0.01413205230176476 -0.6332030752308495 0.1840468829317192 -0.0668734471255809 0.3720992201877167 0.10862084048722166 -0.012117799390542557 0.34739813866295954 0.21596892552072589 -0.35971487422450776 0.2943718066939674 0.6343603644629133 0.02131037699389645 0.43481352306859844 0.5065266286484023 0.9908024841181045 0.0165543264257083 0.00027156252908684187 0.07632211846562544 0.15929051302870448 0.0008513232921043023 -0.14363368055771428 -0.00040911898669843626 0.10337441079721861
0.0009227233475400235 -0.04401423422125853 -0.010661678685107895 -0.1854074963309021 0.6617436550319337 7.606578266484168e-06 -0.002111885418945187 -0.1499915136971596 -0.015155876449742554 0.4135276492823022 -0.2879084844296033 0.4024369788392334 0.16038018137818885 -0.25583304778646526 0.5941656110596131 -0.013854687104938876 0.6617436550319337 0.725484764343214 -0.033065224644853244 0.0010078116923955304 -0.16774479888764315 -0.07970471453814702 -0.1885999364026009 0.725484764343214 1.0 0.1812984478760909 0.07132115061354712 0.6002033568210291 0.09320502017808141 0.2076874971786366 -0.05454376261384474 -0.15348935864350655 0.010629002591453624 -0.41768757176055293 0.17871366606055544 -0.06396578828658567 0.15375099453519983 0.08675084173179055 -0.024887226723954294 0.23616215434610072 0.18265970138441145 -0.24250947304660841 0.1958387798770906 0.050501425461002655 -0.0066588269222731655 0.252242937075184 0.48150099412467423 0.7225722335307436 0.013226256969756997 0.00013826690057548255 0.03623071518292312 0.11162027573064921 -0.0002397418526037898 -0.10420404689115793 -0.00034285829583324395 0.06377422175832011
0.010429307592161523 0.1482850032566687 -0.01398615900509273 -0.8271243033995506 0.207322124828666 0.0096635048762748 -0.010879614352532471 -0.37177895372474856 -0.12533991628092386 0.0012856367057843304 -0.653818427563781 0.09674797743029054 0.5040267210025933 -0.7190433691296407 0.2974873839068655 -0.023666767797230627 0.207322124828666 0.27980990239441733 -0.08174917674707206 -0.000175855807502061 0.12642170674362163 -0.25563662195870457 -0.6878463134473064 0.27980990239441733 0.1812984478760909 1.0 0.06501050346305905 0.1872471202730337 0.19299538832565674 0.36681025444034293 -0.05224066709127365 -0.7366875110647657 0.004843742860027011 -0.13417588519608867 0.0914485022734577 -0.03855312665258946 0.2755671118469679 0.01766711702856822 0.03145869239966504 0.5308265429540808 0.3007871872106933 -0.6399643076131893 0.899311634755603 0.2309639205728809 0.1880859150904642 0.20665523272599595 0.46763148250181336 0.2687251457795884 0.01266164566366328 -0.00960079474571295 0.3269173558890205 0.405719266166202 -0.10619457182038104 0.23641147879348537 -0.010103199830104699 0.21706482162465304
0.016338630694353984 0.025599744773796246 0.10988151521542865 -0.22785504625774397 0.0886216870824311 0.013469996162068763 0.12825156288098205 -0.27904957187377855 -0.09417813212796024 0.009036534238390357 -0.20400553101127358 0.016172070302211232 0.050319575167763836 -0.1861770355116793 0.10340231003584376 -0.04767792303495568 0.0886216870824311 0.1015075737806988 0.06787319242443948 -0.0005050691772109108 0.10829480604443248 -0.02321484648683276 -0.18732607274935106 0.1015075737806988 0.07132115061354712 0.06501050346305905 1.0 0.06287681310368866 0.9099332376446323 0.033356381696217095 0.017040680459923425 -0.2089721766065345 0.01811801765572431 -0.013611728439697622 -0.03676622662995377 0.0551457216617827 0.13463532683814747 0.08340742370308193 0.01626070532367142 0.07458482314839861 0.025680210077933502 -0.26898015141325066 0.1366820745965702 0.08944042029584891 0.09003752469886674 0.04839937555671822 0.05608019848797949 0.10058111728736747 0.012025185990553999 -0.01343058140260279 -0.08659889828064503 0.2264808546233188 0.06129726120019507 -0.012795809715983928 -0.013427920426100972 0.024026669367154526
0.0017483128646741098 -0.03721268299976081 -0.04369448220908529 -0.19002476826580497 0.927589850826597 -6.030901059894814e-05 -0.03229236779201302 -0.15322635228513598 -0.01544719452018159 0.5501518882888339 -0.30280302781601853 0.5129187306030308 0.18346298948376252 -0.2481424586106636 0.7893613870195367 0.0009067959025136682 0.927589850826597 0.8166705837675357 -0.04605816966255578 0.0029019845559859867 -0.23888060382228737 -0.07328231756406423 -0.17495788712359084 0.8166705837675357 0.6002033568210291 0.1872471202730337 0.06287681310368866 1.0 0.08813305259492217 0.17428274394903248 -0.027905771613075694 -0.13141036977607 0.010648132064476668 -0.5278861795271848 0.15606077165739035 -0.05601571638696963 0.27749215602305993 0.08610827531189534 -0.012440929111992955 0.25390490044775 0.15276348410588533 -0.2618582904751823 0.19297095280969095 0.48084286466349946 0.0055622865928422575 0.3402764057170329 0.4079150914786783 0.8635436001839562 0.010983312680237662 0.00025387646117868264 0.0489637037358443 0.10974900115147147 -0.005623076622864064 -0.11730140174975145 -0.00030654344578402595 0.0690339235936071
0.015049985954521327 0.054276769322447876 0.09005225994373614 -0.32513990718769026 0.11997279265162057 0.012230186233054262 0.09712413788236553 -0.30912520245579234 -0.10398138439022886 0.03522860891874223 -0.27043928337195 0.02638034019655714 0.1255295867879191 -0.25793816049916674 0.14864765270166042 -0.05211209635573293 0.11997279265162057 0.14244999117046017 0.09613351357164672 -0.0003381713062820834 0.11541449612554945 -0.04242870523443096 -0.2590799412538942 0.14244999117046017 0.09320502017808141 0.19299538832565674 0.9099332376446323 0.08813305259492217 1.0 0.04851245945736338 0.004721387279358778 -0.27430235428068545 0.019035295454894213 -0.023740945868154974 -0.028262965862968645 0.05412278321813483 0.16363156994687886 0.10652021795631723 0.027252022322614568 0.11968591149573199 0.04048434562385177 -0.32903354977988347 0.27063093797306575 0.1317000607359173 0.1131787165351721 0.07946217968991427 0.08897921643957206 0.14028273057893836 0.014608353361409665 -0.012187946057731915 0.011446651428071171 0.27394889102965353 0.08605233611432946 -0.0024941214220704387 -0.012259221674772657 0.0348355292781817
0.006535093910677459 0.06248323239373257 -0.034715342428062096 -0.4246126139627641 0.1706157475244354 0.00819434245191173 -0.029815657497164506 -0.12371120525804438 -0.0927524800920906 -0.1304469627128715 -0.4363417782889204 0.10310774493020997 0.20687154764098623 -0.5572000130098631 0.26290906398202124 -0.04693950562192036 0.1706157475244354 0.25744186376400385 0.05345475761017536 -0.0002925107222640918 -0.008724956851858425 -0.26223286783451355 -0.4890000413664403 0.25744186376400385 0.2076874971786366 0.36681025444034293 0.033356381696217095 0.17428274394903248 0.04851245945736338 1.0 -0.12749981292186885 -0.5578741730354583 0.008096211837508437 -0.12359333308038319 0.06856292002763144 -0.05053355462365072 0.12653760842755313 0.007384763533188336 -0.0742888337691674 0.5779035492259783 0.8882643796602698 -0.311410073700581 0.21699143252107575 0.17800749214554235 0.0502914526116853 0.04868058951646515 0.5367551569009246 0.24164168784230014 0.01307176846969114 -0.008279344916793689 0.08949910758804637 0.09880518220155757 0.04625411809231824 0.00859584409218862 -0.008498268700223098 0.24082141265134083
0.012017775589085873 0.07531494615877231 0.001902394943856164 0.09364689440391546 -0.03590728374394924 -0.001954836397064764 0.0012640673734423179 0.09255666864094947 0.4156722146593601 0.053023346545162185 0.18115574621395417 0.039819336717817955 -0.06928339058757098 0.3760764363544428 -0.03828785179427741 0.09393056192833114 -0.03590728374394924 -0.039892754209732775 -0.13628984283640075 0.0029767210767523244 0.21567275509118736 0.10392715459315405 0.3878314978270692 -0.039892754209732775 -0.05454376261384474 -0.05224066709127365 0.017040680459923425 -0.027905771613075694 0.004721387279358778 -0.12749981292186885 1.0 0.1336115602113555 -0.0026730291325742297 -0.039438441666306466 0.33731607411299463 0.07355386655333072 0.4463849095982557 -0.0598088076118531 0.038897020082601805 -0.18224411051844877 -0.10361471082599774 0.010205886398086764 -0.01661744425234365 -0.025209823211407772 -0.012677958084708786 -0.12442604991960647 -0.1674531150400166 -0.04026831645324915 -0.01402191982588693 0.0027646334350674684 0.007791442395640854 0.12008401273566714 -0.11191021501028968 -0.09337088220916862 0.0029819230387424915 -0.011469952393651305
-0.012347905924254625 -0.17930666866121323 0.11554391681990507 0.8661394341356315 -0.15185714684936247 -0.013815239952350362 0.10460959791786642 0.40665353111440017 0.18054907758223576 0.18319061825498872 0.8015366724406293 0.027407824066026265 -0.2961370824623139 0.884137886737204 -0.22808338241613937 0.1285237421155216 -0.15185714684936247 -0.21103459656770376 -0.18509857173522593 0.0009269438293168604 -0.08655521463251221 0.20036286299271033 0.8281444318854504 -0.21103459656770376 -0.15348935864350655 -0.7366875110647657 -0.2089721766065345 -0.13141036977607 -0.27430235428068545 -0.5578741730354583 0.1336115602113555 1.0 -0.020089611636787012 -0.015940665822299374 -0.032207289468566824 0.13660269496976493 -0.17025173131223756 0.05994934650046388 0.11603573630280982 -0.7015466499403096 -0.42208400676859875 0.7544122072046757 -0.5875419738519141 -0.18760711456525336 -0.03370984086174484 -0.1092157708447911 -0.6142294585375347 -0.2018773676596902 -0.025412661200973873 0.013865853177975026 -0.24583752556081925 -0.2779982752560876 -0.15669433790760126 -0.32488163547016774 0.014212571298960013 -0.20013807722708218
0.0012884855213202515 0.004410345126618914 0.018239077678454958 -0.029907225515851413 0.012887871557626466 0.0008777752969393736 0.017080510073518455 -0.008513675290161423 -0.0095893032374816 0.0001352995948593197 -0.009571504059478987 0.0012972108523847654 0.02017574611703041 -0.02005979606380253 0.014265940904443978 -0.0024926981584401527 0.012887871557626466 0.01413205230176476 -0.001032820350671388 -1.1623009416353016e-05 0.016705620257586835 -0.04691816968956256 -0.01940371196165988 0.01413205230176476 0.010629002591453624 0.004843742860027011 0.01811801765572431 0.010648132064476668 0.019035295454894213 0.008096211837508437 -0.0026730291325742297 -0.020089611636787012 1.0 -0.0026169977279951063 -0.004000704074771282 0.006592864722487665 0.030777034348572638 -0.008572747566921411 -0.005552644511166871 0.034378081083586934 0.00541266321650365 -0.0046066862882166385 0.007034072423330836 0.011057140571356457 0.0360923574681841 0.020992761720562712 0.02273336173017784 0.014135718603733497 -0.00047307960443972836 -0.0008728935288648291 -0.002164264119341688 -0.019154530032059486 -0.0017741542639043198 0.0015003926350350561 -0.0008879834851165929 -0.0029936014555351645
-0.004172466717532799 0.02283796419577402 0.0011955213645910663 0.0917209374687791 -0.5275916405924389 -0.0009277535060887454 -0.0017834652057573566 0.164781337186242 -0.0008196984443623534 -0.32374289904994297 0.309388393144263 -0.9911833331110386 -0.20217075868842033 0.20863949918800123 -0.6037822045734823 -0.054679957464556006 -0.5275916405924389 -0.6332030752308495 0.19164386207334388 -0.002774130712590833 0.21224050940426584 0.09083195512021948 0.16052645287921655 -0.6332030752308495 -0.41768757176055293 -0.13417588519608867 -0.013611728439697622 -0.5278861795271848 -0.023740945868154974 -0.12359333308038319 -0.039438441666306466 -0.015940665822299374 -0.0026169977279951063 1.0 -0.15015040803297144 -0.00881198151374673 -0.20247696010598873 -0.10131857825721645 -0.028176041011995532 -0.20238622000206083 -0.1379401683025386 0.3200181166717035 -0.15599929749283392 -0.2942463427810469 -0.032986025611039395 -0.2889127321705167 -0.3306204494167236 -0.6186612569614046 -0.007362177325656136 0.0007456334927396383 -0.024498295958470695 -0.14056959074077027 0.09988286156731317 0.07652445797934941 0.001255823352370172 -0.10625116836428893
0.029385957740501793 0.034418343284926836 -0.0342503267743999 -0.05087436554200536 0.16283581817444404 0.02535186752902524 -0.029962167327825032 0.02191051423763217 0.6865445842564569 0.11336029420057388 -0.09421340810481474 0.15154605074880095 -0.006992209071926167 0.08645356337576707 0.16316626699219677 0.00867412108490586 0.16283581817444404 0.1840468829317192 -0.021939103013672318 0.004330269905579655 -0.059687866859525006 0.0358618711494411 0.13114668402637475 0.1840468829317192 0.17871366606055544 0.0914485022734577 -0.03676622662995377 0.15606077165739035 -0.028262965862968645 0.06856292002763144 0.33731607411299463 -0.032207289468566824 -0.004000704074771282 -0.15015040803297144 1.0 -0.05991868571183411 0.29638463397063275 0.0022992914871216106 -0.06441974497684734 0.16504342665104343 0.07677663280517577 -0.11151375558771372 0.08290793708072956 0.04937963830740044 -0.12218895355349475 0.004373517060951641 0.2896682277578791 0.18182459354508257 -0.005781560298854772 -0.02452964342986735 0.05960268282572042 0.07925465290397327 -0.00247096255125415 0.1927730236304017 -0.02493711090709285 -0.0038433842604391846
